#t x y z vx vy vz
0.00 -99.09 -119.63 -127.91 -26.86 174.69 90.66
0.01 -99.36 -117.84 -126.98 -26.13 175.56 91.60
0.02 -99.62 -116.04 -126.04 -25.39 176.44 92.55
0.03 -99.88 -114.23 -125.08 -24.62 177.32 93.51
0.04 -100.13 -112.41 -124.12 -23.84 178.20 94.49
0.05 -100.37 -110.59 -123.15 -23.05 179.09 95.47
0.06 -100.60 -108.75 -122.17 -22.23 179.98 96.48
0.07 -100.82 -106.90 -121.18 -21.39 180.88 97.49
0.08 -101.04 -105.05 -120.18 -20.54 181.77 98.52
0.09 -101.24 -103.19 -119.16 -19.66 182.68 99.56
0.10 -101.44 -101.31 -118.14 -18.76 183.58 100.61
0.11 -101.63 -99.43 -117.11 -17.84 184.49 101.68
0.12 -101.80 -97.54 -116.06 -16.90 185.40 102.77
0.13 -101.97 -95.64 -115.00 -15.94 186.32 103.86
0.14 -102.13 -93.73 -113.94 -14.95 187.24 104.98
0.15 -102.28 -91.81 -112.86 -13.93 188.16 106.11
0.16 -102.41 -89.88 -111.77 -12.90 189.08 107.25
0.17 -102.54 -87.94 -110.66 -11.83 190.00 108.41
0.18 -102.66 -85.99 -109.55 -10.74 190.93 109.59
0.19 -102.76 -84.04 -108.42 -9.62 191.85 110.78
0.20 -102.85 -82.07 -107.28 -8.47 192.78 111.99
0.21 -102.93 -80.09 -106.13 -7.29 193.71 113.22
0.22 -103.00 -78.11 -104.97 -6.08 194.64 114.46
0.23 -103.06 -76.11 -103.79 -4.84 195.57 115.72
0.24 -103.10 -74.11 -102.60 -3.57 196.49 117.00
0.25 -103.13 -72.09 -101.40 -2.27 197.42 118.30
0.26 -103.15 -70.07 -100.18 -0.92 198.34 119.62
0.27 -103.15 -68.04 -98.95 0.45 199.27 120.95
0.28 -103.14 -65.99 -97.70 1.87 200.18 122.31
0.29 -103.11 -63.94 -96.45 3.32 201.10 123.68
0.30 -103.07 -61.88 -95.17 4.81 202.01 125.07
0.31 -103.01 -59.81 -93.89 6.35 202.92 126.49
0.32 -102.94 -57.73 -92.59 7.92 203.82 127.92
0.33 -102.85 -55.64 -91.27 9.54 204.71 129.38
0.34 -102.74 -53.54 -89.94 11.21 205.59 130.85
0.35 -102.62 -51.43 -88.60 12.92 206.47 132.35
0.36 -102.48 -49.32 -87.23 14.68 207.33 133.86
0.37 -102.32 -47.19 -85.86 16.49 208.18 135.40
0.38 -102.14 -45.06 -84.46 18.35 209.02 136.96
0.39 -101.94 -42.92 -83.06 20.26 209.85 138.54
0.40 -101.73 -40.77 -81.63 22.23 210.66 140.14
0.41 -101.49 -38.61 -80.19 24.26 211.45 141.77
0.42 -101.23 -36.44 -78.73 26.34 212.22 143.41
0.43 -100.95 -34.27 -77.26 28.48 212.97 145.07
0.44 -100.65 -32.09 -75.76 30.69 213.70 146.76
0.45 -100.32 -29.90 -74.25 32.96 214.40 148.47
0.46 -99.97 -27.70 -72.73 35.30 215.07 150.19
0.47 -99.60 -25.50 -71.18 37.70 215.71 151.94
0.48 -99.20 -23.29 -69.62 40.18 216.32 153.71
0.49 -98.78 -21.08 -68.04 42.73 216.89 155.49
0.50 -98.33 -18.85 -66.44 45.35 217.42 157.29
0.51 -97.85 -16.63 -64.82 48.04 217.91 159.11
0.52 -97.34 -14.40 -63.18 50.82 218.35 160.95
0.53 -96.81 -12.16 -61.53 53.67 218.74 162.79
0.54 -96.25 -9.92 -59.85 56.61 219.07 164.66
0.55 -95.65 -7.68 -58.16 59.62 219.35 166.53
0.56 -95.03 -5.44 -56.45 62.72 219.56 168.41
0.57 -94.37 -3.19 -54.72 65.91 219.71 170.30
0.58 -93.68 -0.94 -52.96 69.19 219.78 172.19
0.59 -92.95 1.30 -51.19 72.55 219.77 174.09
0.60 -92.19 3.55 -49.40 76.00 219.68 175.99
0.61 -91.40 5.80 -47.59 79.54 219.50 177.88
0.62 -90.57 8.04 -45.76 83.17 219.23 179.76
0.63 -89.70 10.28 -43.92 86.88 218.85 181.63
0.64 -88.79 12.52 -42.05 90.69 218.36 183.49
0.65 -87.84 14.75 -40.16 94.58 217.76 185.33
0.66 -86.85 16.97 -38.26 98.55 217.04 187.14
0.67 -85.82 19.19 -36.34 102.60 216.19 188.92
0.68 -84.75 21.39 -34.39 106.74 215.21 190.66
0.69 -83.64 23.59 -32.44 110.94 214.09 192.36
0.70 -82.48 25.77 -30.46 115.22 212.82 194.01
0.71 -81.28 27.94 -28.47 119.56 211.39 195.61
0.72 -80.04 30.09 -26.46 123.96 209.81 197.14
0.73 -78.75 32.23 -24.44 128.40 208.07 198.60
0.74 -77.41 34.35 -22.40 132.89 206.15 199.98
0.75 -76.03 36.45 -20.35 137.41 204.07 201.28
0.76 -74.60 38.52 -18.28 141.95 201.81 202.48
0.77 -73.13 40.57 -16.21 146.50 199.37 203.58
0.78 -71.61 42.60 -14.12 151.05 196.76 204.58
0.79 -70.04 44.60 -12.02 155.58 193.97 205.46
0.80 -68.42 46.56 -9.92 160.09 191.00 206.22
0.81 -66.76 48.50 -7.80 164.56 187.86 206.85
0.82 -65.06 50.41 -5.69 168.97 184.55 207.34
0.83 -63.31 52.28 -3.56 173.31 181.08 207.70
0.84 -61.51 54.11 -1.44 177.57 177.45 207.92
0.85 -59.68 55.90 0.69 181.73 173.67 207.96
0.86 -57.80 57.66 2.81 185.77 169.76 207.80
0.87 -55.88 59.38 4.94 189.69 165.72 207.48
0.88 -53.92 61.05 7.06 193.47 161.58 207.02
0.89 -51.92 62.68 9.17 197.10 157.34 206.42
0.90 -49.89 64.27 11.28 200.57 153.01 205.68
0.91 -47.82 65.81 13.38 203.87 148.62 204.80
0.92 -45.72 67.31 15.47 207.00 144.16 203.79
0.93 -43.59 68.76 17.55 209.95 139.67 202.65
0.94 -41.42 70.16 19.61 212.72 135.15 201.40
0.95 -39.24 71.52 21.66 215.30 130.61 200.04
0.96 -37.02 72.84 23.70 217.70 126.07 198.57
0.97 -34.78 74.10 25.73 219.91 121.53 197.00
0.98 -32.52 75.32 27.73 221.95 117.02 195.35
0.99 -30.24 76.50 29.72 223.80 112.54 193.62
1.00 -27.95 77.62 31.69 225.47 108.11 191.81
1.01 -25.63 78.71 33.64 226.98 103.72 189.94
1.02 -23.31 79.75 35.58 228.31 99.39 188.02
1.03 -20.96 80.74 37.49 229.49 95.12 186.04
1.04 -18.61 81.69 39.38 230.51 90.93 184.03
1.05 -16.25 82.60 41.25 231.39 86.81 181.98
1.06 -13.88 83.47 43.10 232.12 82.77 179.90
1.07 -11.50 84.29 44.93 232.72 78.82 177.79
1.08 -9.12 85.08 46.74 233.19 74.95 175.67
1.09 -6.73 85.83 48.53 233.54 71.17 173.54
1.10 -4.34 86.54 50.29 233.78 67.49 171.40
1.11 -1.95 87.21 52.03 233.91 63.89 169.26
1.12 0.44 87.84 53.75 233.94 60.38 167.12
1.13 2.83 88.44 55.45 233.87 56.97 164.98
1.14 5.22 89.01 57.13 233.72 53.65 162.85
1.15 7.61 89.54 58.78 233.49 50.42 160.74
1.16 10.00 90.04 60.41 233.18 47.28 158.63
1.17 12.38 90.51 62.03 232.80 44.22 156.54
1.18 14.76 90.95 63.62 232.36 41.26 154.47
1.19 17.13 91.35 65.19 231.86 38.38 152.42
1.20 19.50 91.73 66.73 231.30 35.58 150.39
1.21 21.86 92.08 68.26 230.69 32.87 148.38
1.22 24.22 92.40 69.77 230.03 30.23 146.39
1.23 26.57 92.70 71.26 229.33 27.68 144.43
1.24 28.91 92.97 72.72 228.59 25.20 142.50
1.25 31.24 93.22 74.17 227.81 22.79 140.58
1.26 33.57 93.44 75.60 227.00 20.46 138.70
1.27 35.89 93.63 77.01 226.16 18.19 136.84
1.28 38.20 93.81 78.40 225.29 16.00 135.00
1.29 40.50 93.96 79.77 224.39 13.86 133.20
1.30 42.79 94.09 81.12 223.48 11.80 131.42
1.31 45.07 94.20 82.46 222.54 9.79 129.66
1.32 47.34 94.29 83.78 221.59 7.84 127.94
1.33 49.60 94.36 85.08 220.62 5.95 126.23
1.34 51.85 94.42 86.36 219.63 4.12 124.56
1.35 54.09 94.45 87.62 218.63 2.34 122.91
1.36 56.32 94.46 88.87 217.63 0.61 121.29
1.37 58.54 94.46 90.10 216.61 -1.06 119.69
1.38 60.75 94.44 91.32 215.58 -2.69 118.12
1.39 62.95 94.41 92.52 214.54 -4.27 116.57
1.40 65.14 94.36 93.70 213.50 -5.81 115.05
1.41 67.32 94.29 94.87 212.45 -7.30 113.55
1.42 69.49 94.21 96.03 211.40 -8.75 112.08
1.43 71.64 94.11 97.17 210.35 -10.15 110.63
1.44 73.79 94.00 98.29 209.29 -11.52 109.20
1.45 75.92 93.87 99.40 208.23 -12.85 107.80
1.46 78.05 93.74 100.50 207.17 -14.14 106.42
1.47 80.16 93.59 101.58 206.11 -15.40 105.05
1.48 82.26 93.42 102.64 205.05 -16.62 103.72
1.49 84.36 93.25 103.70 203.99 -17.80 102.40
1.50 86.44 93.06 104.74 202.93 -18.96 101.10
1.51 88.51 92.86 105.77 201.88 -20.08 99.82
1.52 90.57 92.65 106.78 200.82 -21.18 98.56
1.53 92.61 92.43 107.78 199.77 -22.24 97.33
1.54 94.65 92.19 108.77 198.72 -23.27 96.11
1.55 96.68 91.95 109.75 197.67 -24.28 94.91
1.56 98.70 91.70 110.71 196.63 -25.26 93.72
1.57 100.70 91.43 111.67 195.59 -26.22 92.56
1.58 102.70 91.16 112.61 194.55 -27.15 91.41
1.59 104.68 90.88 113.54 193.52 -28.05 90.28
1.60 106.65 90.59 114.45 192.49 -28.93 89.17
1.61 108.62 90.29 115.36 191.47 -29.79 88.08
1.62 110.57 89.98 116.25 190.45 -30.63 86.99
1.63 112.51 89.66 117.14 189.44 -31.45 85.93
1.64 114.45 89.33 118.01 188.43 -32.24 84.88
1.65 116.37 89.00 118.88 187.43 -33.02 83.85
1.66 118.28 88.66 119.73 186.43 -33.78 82.83
1.67 120.18 88.31 120.57 185.43 -34.51 81.82
1.68 122.07 87.95 121.40 184.45 -35.23 80.83
1.69 123.95 87.59 122.22 183.46 -35.93 79.86
1.70 125.82 87.22 123.04 182.49 -36.62 78.89
1.71 127.69 86.84 123.84 181.51 -37.28 77.94
1.72 129.54 86.46 124.63 180.55 -37.93 77.01
1.73 131.38 86.06 125.41 179.59 -38.57 76.08
1.74 133.21 85.67 126.19 178.63 -39.19 75.17
1.75 135.03 85.26 126.95 177.68 -39.79 74.27
1.76 136.85 84.85 127.70 176.74 -40.38 73.39
1.77 138.65 84.44 128.45 175.80 -40.96 72.51
1.78 140.44 84.01 129.19 174.87 -41.52 71.65
1.79 142.22 83.59 129.92 173.94 -42.07 70.80
1.80 144.00 83.15 130.64 173.02 -42.61 69.95
1.81 145.76 82.72 131.35 172.10 -43.13 69.12
1.82 147.52 82.27 132.05 171.19 -43.65 68.30
1.83 149.27 81.82 132.74 170.29 -44.15 67.49
1.84 151.00 81.37 133.43 169.39 -44.64 66.70
1.85 152.73 80.91 134.11 168.50 -45.11 65.91
1.86 154.45 80.45 134.78 167.61 -45.58 65.13
1.87 156.16 79.98 135.44 166.73 -46.03 64.36
1.88 157.86 79.50 136.10 165.85 -46.48 63.60
1.89 159.55 79.03 136.74 164.98 -46.92 62.84
1.90 161.23 78.55 137.38 164.11 -47.34 62.10
1.91 162.91 78.06 138.01 163.25 -47.76 61.37
1.92 164.57 77.57 138.64 162.40 -48.16 60.64
1.93 166.23 77.07 139.25 161.55 -48.56 59.93
1.94 167.88 76.58 139.86 160.70 -48.95 59.22
1.95 169.52 76.07 140.46 159.86 -49.33 58.52
1.96 171.15 75.57 141.06 159.03 -49.70 57.83
1.97 172.77 75.06 141.65 158.20 -50.06 57.15
1.98 174.38 74.54 142.23 157.38 -50.42 56.47
1.99 175.99 74.03 142.80 156.56 -50.76 55.80
2.00 177.59 73.50 143.37 155.75 -51.10 55.14
2.01 179.17 72.98 143.93 154.94 -51.44 54.49
2.02 180.75 72.45 144.48 154.13 -51.76 53.84
2.03 182.33 71.92 145.03 153.33 -52.08 53.21
2.04 183.89 71.39 145.57 152.54 -52.39 52.57
2.05 185.45 70.85 146.11 151.75 -52.69 51.95
2.06 187.00 70.31 146.63 150.97 -52.99 51.33
2.07 188.54 69.77 147.16 150.19 -53.28 50.72
2.08 190.07 69.22 147.67 149.41 -53.57 50.11
2.09 191.59 68.67 148.18 148.64 -53.84 49.51
2.10 193.11 68.12 148.69 147.88 -54.12 48.92
2.11 194.62 67.56 149.18 147.11 -54.38 48.34
2.12 196.12 67.01 149.67 146.36 -54.64 47.76
2.13 197.61 66.45 150.16 145.61 -54.90 47.18
2.14 199.10 65.88 150.64 144.86 -55.15 46.61
2.15 200.57 65.32 151.11 144.11 -55.39 46.05
2.16 202.04 64.75 151.58 143.37 -55.63 45.49
2.17 203.51 64.18 152.04 142.64 -55.86 44.94
2.18 204.96 63.61 152.50 141.91 -56.09 44.39
2.19 206.41 63.03 152.95 141.18 -56.32 43.85
2.20 207.85 62.46 153.40 140.46 -56.54 43.32
2.21 209.28 61.88 153.84 139.74 -56.75 42.79
2.22 210.71 61.29 154.27 139.03 -56.96 42.26
2.23 212.12 60.71 154.70 138.32 -57.16 41.74
2.24 213.54 60.13 155.13 137.61 -57.36 41.23
2.25 214.94 59.54 155.55 136.91 -57.56 40.72
2.26 216.34 58.95 155.96 136.21 -57.75 40.21
2.27 217.73 58.36 156.37 135.52 -57.94 39.71
2.28 219.11 57.76 156.77 134.83 -58.12 39.22
2.29 220.48 57.17 157.17 134.14 -58.30 38.72
2.30 221.85 56.57 157.56 133.46 -58.48 38.24
2.31 223.21 55.97 157.95 132.78 -58.65 37.75
2.32 224.57 55.37 158.34 132.10 -58.82 37.28
2.33 225.92 54.77 158.71 131.43 -58.98 36.80
2.34 227.26 54.16 159.09 130.76 -59.14 36.33
2.35 228.59 53.56 159.46 130.10 -59.30 35.87
2.36 229.92 52.95 159.82 129.44 -59.45 35.40
2.37 231.24 52.34 160.18 128.78 -59.60 34.95
2.38 232.55 51.73 160.54 128.12 -59.75 34.49
2.39 233.86 51.12 160.89 127.47 -59.89 34.04
2.40 235.16 50.51 161.23 126.83 -60.03 33.60
2.41 236.45 49.89 161.57 126.18 -60.17 33.16
2.42 237.74 49.28 161.91 125.54 -60.31 32.72
2.43 239.02 48.66 162.24 124.90 -60.44 32.28
2.44 240.29 48.04 162.57 124.27 -60.56 31.85
2.45 241.56 47.42 162.90 123.64 -60.69 31.42
2.46 242.82 46.80 163.21 123.01 -60.81 31.00
2.47 244.08 46.18 163.53 122.38 -60.93 30.58
2.48 245.33 45.55 163.84 121.76 -61.05 30.16
2.49 246.57 44.93 164.15 121.14 -61.16 29.75
2.50 247.80 44.30 164.45 120.53 -61.27 29.34
2.51 249.03 43.67 164.75 119.92 -61.38 28.93
2.52 250.26 43.05 165.04 119.31 -61.49 28.53
2.53 251.47 42.42 165.33 118.70 -61.59 28.13
2.54 252.69 41.79 165.62 118.10 -61.69 27.73
2.55 253.89 41.16 165.90 117.49 -61.79 27.34
2.56 255.09 40.52 166.18 116.90 -61.89 26.95
2.57 256.28 39.89 166.45 116.30 -61.98 26.56
2.58 257.47 39.25 166.72 115.71 -62.07 26.17
2.59 258.65 38.62 166.98 115.12 -62.16 25.79
2.60 259.82 37.98 167.25 114.53 -62.25 25.41
2.61 260.99 37.35 167.50 113.95 -62.33 25.03
2.62 262.15 36.71 167.76 113.37 -62.41 24.66
2.63 263.31 36.07 168.01 112.79 -62.49 24.29
2.64 264.46 35.43 168.25 112.21 -62.57 23.92
2.65 265.60 34.79 168.50 111.64 -62.65 23.56
2.66 266.74 34.15 168.74 111.07 -62.72 23.19
2.67 267.88 33.51 168.97 110.50 -62.79 22.83
2.68 269.00 32.86 169.20 109.93 -62.86 22.48
2.69 270.12 32.22 169.43 109.37 -62.93 22.12
2.70 271.24 31.58 169.66 108.81 -63.00 21.77
2.71 272.35 30.93 169.88 108.25 -63.06 21.42
2.72 273.45 30.29 170.09 107.69 -63.12 21.07
2.73 274.55 29.64 170.31 107.14 -63.18 20.73
2.74 275.65 29.00 170.52 106.59 -63.24 20.39
2.75 276.73 28.35 170.73 106.04 -63.30 20.05
2.76 277.82 27.70 170.93 105.49 -63.36 19.71
2.77 278.89 27.05 171.13 104.95 -63.41 19.37
2.78 279.96 26.40 171.32 104.40 -63.46 19.04
2.79 281.03 25.75 171.52 103.86 -63.51 18.71
2.80 282.09 25.10 171.71 103.33 -63.56 18.38
2.81 283.14 24.45 171.89 102.79 -63.61 18.05
2.82 284.19 23.80 172.08 102.26 -63.65 17.73
2.83 285.23 23.15 172.26 101.73 -63.70 17.41
2.84 286.27 22.50 172.43 101.20 -63.74 17.09
2.85 287.30 21.85 172.61 100.67 -63.78 16.77
2.86 288.33 21.20 172.78 100.14 -63.82 16.46
2.87 289.35 20.54 172.94 99.62 -63.86 16.14
2.88 290.37 19.89 173.11 99.10 -63.89 15.83
2.89 291.38 19.24 173.27 98.58 -63.93 15.52
2.90 292.38 18.58 173.42 98.07 -63.96 15.21
2.91 293.38 17.93 173.58 97.55 -63.99 14.91
2.92 294.38 17.27 173.73 97.04 -64.02 14.60
2.93 295.37 16.62 173.88 96.53 -64.05 14.30
2.94 296.35 15.96 174.02 96.02 -64.08 14.00
2.95 297.33 15.31 174.16 95.51 -64.11 13.71
2.96 298.31 14.65 174.30 95.01 -64.13 13.41
2.97 299.28 14.00 174.44 94.51 -64.16 13.12
2.98 300.24 13.34 174.57 94.00 -64.18 12.82
2.99 301.20 12.68 174.70 93.51 -64.20 12.53
3.00 302.15 12.03 174.83 93.01 -64.22 12.24
3.01 303.10 11.37 174.95 92.51 -64.24 11.96
3.02 304.04 10.71 175.07 92.02 -64.26 11.67
3.03 304.98 10.06 175.19 91.53 -64.28 11.39
3.04 305.92 9.40 175.30 91.04 -64.29 11.11
3.05 306.84 8.74 175.42 90.55 -64.31 10.83
3.06 307.77 8.08 175.52 90.06 -64.32 10.55
3.07 308.69 7.42 175.63 89.58 -64.33 10.27
3.08 309.60 6.77 175.74 89.09 -64.34 10.00
3.09 310.51 6.11 175.84 88.61 -64.35 9.72
3.10 311.41 5.45 175.93 88.13 -64.36 9.45
3.11 312.31 4.79 176.03 87.65 -64.37 9.18
3.12 313.21 4.13 176.12 87.18 -64.38 8.91
3.13 314.10 3.48 176.21 86.70 -64.38 8.64
3.14 314.98 2.82 176.30 86.23 -64.39 8.38
3.15 315.86 2.16 176.38 85.76 -64.39 8.11
3.16 316.73 1.50 176.46 85.29 -64.39 7.85
3.17 317.60 0.84 176.54 84.82 -64.39 7.59
3.18 318.47 0.18 176.62 84.35 -64.40 7.33
3.19 319.33 -0.48 176.69 83.89 -64.40 7.07
3.20 320.18 -1.13 176.76 83.42 -64.39 6.81
3.21 321.04 -1.79 176.83 82.96 -64.39 6.56
3.22 321.88 -2.45 176.90 82.50 -64.39 6.31
3.23 322.72 -3.11 176.96 82.04 -64.38 6.05
3.24 323.56 -3.77 177.02 81.58 -64.38 5.80
3.25 324.39 -4.43 177.08 81.13 -64.37 5.55
3.26 325.22 -5.09 177.14 80.67 -64.37 5.30
3.27 326.04 -5.74 177.19 80.22 -64.36 5.06
3.28 326.86 -6.40 177.24 79.76 -64.35 4.81
3.29 327.67 -7.06 177.29 79.31 -64.34 4.56
3.30 328.48 -7.72 177.33 78.86 -64.33 4.32
3.31 329.29 -8.38 177.38 78.42 -64.32 4.08
3.32 330.09 -9.03 177.42 77.97 -64.31 3.84
3.33 330.88 -9.69 177.45 77.52 -64.30 3.60
3.34 331.67 -10.35 177.49 77.08 -64.28 3.36
3.35 332.46 -11.01 177.52 76.64 -64.27 3.12
3.36 333.24 -11.66 177.55 76.20 -64.25 2.89
3.37 334.02 -12.32 177.58 75.76 -64.24 2.65
3.38 334.79 -12.98 177.61 75.32 -64.22 2.42
3.39 335.56 -13.63 177.63 74.88 -64.20 2.19
3.40 336.32 -14.29 177.65 74.44 -64.19 1.96
3.41 337.08 -14.95 177.67 74.01 -64.17 1.73
3.42 337.83 -15.60 177.69 73.57 -64.15 1.50
3.43 338.58 -16.26 177.70 73.14 -64.13 1.27
3.44 339.33 -16.91 177.71 72.71 -64.11 1.04
3.45 340.07 -17.57 177.72 72.28 -64.08 0.82
3.46 340.81 -18.23 177.73 71.85 -64.06 0.59
3.47 341.54 -18.88 177.74 71.42 -64.04 0.37
3.48 342.27 -19.54 177.74 71.00 -64.01 0.15
3.49 342.99 -20.19 177.74 70.57 -63.99 -0.07
3.50 343.71 -20.84 177.74 70.15 -63.96 -0.29
3.51 344.43 -21.50 177.73 69.73 -63.94 -0.51
3.52 345.14 -22.15 177.73 69.30 -63.91 -0.73
3.53 345.85 -22.81 177.72 68.88 -63.88 -0.95
3.54 346.55 -23.46 177.71 68.46 -63.86 -1.16
3.55 347.25 -24.11 177.69 68.05 -63.83 -1.38
3.56 347.94 -24.76 177.68 67.63 -63.80 -1.59
3.57 348.63 -25.42 177.66 67.21 -63.77 -1.80
3.58 349.31 -26.07 177.64 66.80 -63.74 -2.02
3.59 350.00 -26.72 177.62 66.38 -63.71 -2.23
3.60 350.67 -27.37 177.60 65.97 -63.67 -2.44
3.61 351.35 -28.02 177.57 65.56 -63.64 -2.65
3.62 352.01 -28.67 177.54 65.15 -63.61 -2.85
3.63 352.68 -29.32 177.51 64.74 -63.58 -3.06
3.64 353.34 -29.97 177.48 64.33 -63.54 -3.27
3.65 353.99 -30.62 177.45 63.92 -63.51 -3.47
3.66 354.64 -31.27 177.41 63.51 -63.47 -3.68
3.67 355.29 -31.92 177.37 63.11 -63.43 -3.88
3.68 355.94 -32.57 177.33 62.70 -63.40 -4.08
3.69 356.57 -33.22 177.29 62.30 -63.36 -4.28
3.70 357.21 -33.87 177.24 61.90 -63.32 -4.48
3.71 357.84 -34.51 177.19 61.49 -63.28 -4.68
3.72 358.47 -35.16 177.15 61.09 -63.25 -4.88
3.73 359.09 -35.81 177.09 60.69 -63.21 -5.08
3.74 359.71 -36.45 177.04 60.29 -63.17 -5.28
3.75 360.32 -37.10 176.99 59.90 -63.12 -5.47
3.76 360.93 -37.74 176.93 59.50 -63.08 -5.67
3.77 361.54 -38.39 176.87 59.10 -63.04 -5.86
3.78 362.14 -39.03 176.81 58.71 -63.00 -6.06
3.79 362.74 -39.68 176.75 58.31 -62.96 -6.25
3.80 363.34 -40.32 176.68 57.92 -62.91 -6.44
3.81 363.93 -40.96 176.62 57.53 -62.87 -6.63
3.82 364.51 -41.61 176.55 57.13 -62.83 -6.82
3.83 365.10 -42.25 176.48 56.74 -62.78 -7.01
3.84 365.67 -42.89 176.40 56.35 -62.73 -7.20
3.85 366.25 -43.53 176.33 55.96 -62.69 -7.39
3.86 366.82 -44.17 176.25 55.58 -62.64 -7.58
3.87 367.38 -44.81 176.17 55.19 -62.60 -7.76
3.88 367.95 -45.45 176.09 54.80 -62.55 -7.95
3.89 368.51 -46.09 176.01 54.42 -62.50 -8.13
3.90 369.06 -46.73 175.93 54.03 -62.45 -8.32
3.91 369.61 -47.37 175.84 53.65 -62.40 -8.50
3.92 370.16 -48.01 175.75 53.26 -62.35 -8.68
3.93 370.70 -48.65 175.66 52.88 -62.30 -8.86
3.94 371.24 -49.28 175.57 52.50 -62.25 -9.05
3.95 371.77 -49.92 175.48 52.12 -62.20 -9.23
3.96 372.30 -50.56 175.38 51.74 -62.15 -9.41
3.97 372.83 -51.19 175.29 51.36 -62.10 -9.58
3.98 373.36 -51.83 175.19 50.98 -62.05 -9.76
3.99 373.87 -52.46 175.09 50.60 -61.99 -9.94
4.00 374.39 -53.09 174.98 50.22 -61.94 -10.12
4.01 374.90 -53.73 174.88 49.85 -61.89 -10.29
4.02 375.41 -54.36 174.77 49.47 -61.83 -10.47
4.03 375.91 -54.99 174.67 49.10 -61.78 -10.64
4.04 376.41 -55.62 174.56 48.72 -61.72 -10.82
4.05 376.91 -56.25 174.44 48.35 -61.67 -10.99
4.06 377.40 -56.88 174.33 47.98 -61.61 -11.16
4.07 377.89 -57.51 174.22 47.60 -61.56 -11.34
4.08 378.38 -58.14 174.10 47.23 -61.50 -11.51
4.09 378.86 -58.77 173.98 46.86 -61.44 -11.68
4.10 379.34 -59.40 173.86 46.49 -61.38 -11.85
4.11 379.81 -60.03 173.74 46.12 -61.33 -12.02
4.12 380.28 -60.65 173.61 45.75 -61.27 -12.19
4.13 380.74 -61.28 173.49 45.38 -61.21 -12.36
4.14 381.21 -61.91 173.36 45.02 -61.15 -12.52
4.15 381.67 -62.53 173.23 44.65 -61.09 -12.69
4.16 382.12 -63.16 173.10 44.28 -61.03 -12.86
4.17 382.57 -63.78 172.97 43.92 -60.97 -13.02
4.18 383.02 -64.40 172.84 43.55 -60.91 -13.19
4.19 383.46 -65.03 172.70 43.19 -60.84 -13.35
4.20 383.90 -65.65 172.56 42.83 -60.78 -13.52
4.21 384.34 -66.27 172.42 42.46 -60.72 -13.68
4.22 384.77 -66.89 172.28 42.10 -60.66 -13.84
4.23 385.20 -67.51 172.14 41.74 -60.59 -14.00
4.24 385.62 -68.13 172.00 41.38 -60.53 -14.17
4.25 386.05 -68.75 171.85 41.02 -60.47 -14.33
4.26 386.46 -69.37 171.70 40.66 -60.40 -14.49
4.27 386.88 -69.98 171.55 40.30 -60.34 -14.65
4.28 387.29 -70.60 171.40 39.94 -60.27 -14.81
4.29 387.69 -71.22 171.25 39.58 -60.21 -14.96
4.30 388.10 -71.83 171.10 39.22 -60.14 -15.12
4.31 388.50 -72.45 170.94 38.87 -60.08 -15.28
4.32 388.89 -73.06 170.78 38.51 -60.01 -15.44
4.33 389.28 -73.67 170.63 38.15 -59.94 -15.59
4.34 389.67 -74.29 170.47 37.80 -59.87 -15.75
4.35 390.06 -74.90 170.30 37.44 -59.81 -15.90
4.36 390.44 -75.51 170.14 37.09 -59.74 -16.06
4.37 390.82 -76.12 169.98 36.74 -59.67 -16.21
4.38 391.19 -76.73 169.81 36.38 -59.60 -16.37
4.39 391.56 -77.34 169.64 36.03 -59.53 -16.52
4.40 391.93 -77.95 169.47 35.68 -59.46 -16.67
4.41 392.29 -78.56 169.30 35.33 -59.39 -16.83
4.42 392.65 -79.16 169.13 34.98 -59.32 -16.98
4.43 393.01 -79.77 168.95 34.62 -59.25 -17.13
4.44 393.36 -80.37 168.78 34.27 -59.18 -17.28
4.45 393.71 -80.98 168.60 33.92 -59.11 -17.43
4.46 394.05 -81.58 168.42 33.58 -59.03 -17.58
4.47 394.39 -82.19 168.24 33.23 -58.96 -17.73
4.48 394.73 -82.79 168.06 32.88 -58.89 -17.88
4.49 395.07 -83.39 167.87 32.53 -58.82 -18.03
4.50 395.40 -83.99 167.69 32.18 -58.74 -18.17
4.51 395.72 -84.59 167.50 31.84 -58.67 -18.32
4.52 396.05 -85.19 167.31 31.49 -58.59 -18.47
4.53 396.37 -85.79 167.12 31.15 -58.52 -18.61
4.54 396.68 -86.39 166.93 30.80 -58.44 -18.76
4.55 397.00 -86.99 166.74 30.46 -58.37 -18.90
4.56 397.31 -87.58 166.55 30.11 -58.29 -19.05
4.57 397.61 -88.18 166.35 29.77 -58.22 -19.19
4.58 397.92 -88.77 166.15 29.42 -58.14 -19.34
4.59 398.22 -89.37 165.96 29.08 -58.06 -19.48
4.60 398.51 -89.96 165.76 28.74 -57.99 -19.62
4.61 398.80 -90.55 165.55 28.40 -57.91 -19.77
4.62 399.09 -91.15 165.35 28.05 -57.83 -19.91
4.63 399.38 -91.74 165.15 27.71 -57.75 -20.05
4.64 399.66 -92.33 164.94 27.37 -57.68 -20.19
4.65 399.94 -92.92 164.73 27.03 -57.60 -20.33
4.66 400.21 -93.51 164.53 26.69 -57.52 -20.47
4.67 400.48 -94.09 164.32 26.35 -57.44 -20.61
4.68 400.75 -94.68 164.10 26.01 -57.36 -20.75
4.69 401.02 -95.27 163.89 25.67 -57.28 -20.89
4.70 401.28 -95.85 163.68 25.33 -57.20 -21.03
4.71 401.53 -96.44 163.46 24.99 -57.12 -21.17
4.72 401.79 -97.02 163.24 24.66 -57.03 -21.31
4.73 402.04 -97.60 163.02 24.32 -56.95 -21.44
4.74 402.28 -98.19 162.80 23.98 -56.87 -21.58
4.75 402.53 -98.77 162.58 23.65 -56.79 -21.72
4.76 402.77 -99.35 162.36 23.31 -56.71 -21.85
4.77 403.01 -99.93 162.14 22.97 -56.62 -21.99
4.78 403.24 -100.51 161.91 22.64 -56.54 -22.12
4.79 403.47 -101.08 161.68 22.30 -56.45 -22.26
4.80 403.69 -101.66 161.46 21.97 -56.37 -22.39
4.81 403.92 -102.24 161.23 21.63 -56.29 -22.53
4.82 404.14 -102.81 160.99 21.30 -56.20 -22.66
4.83 404.35 -103.39 160.76 20.96 -56.12 -22.79
4.84 404.57 -103.96 160.53 20.63 -56.03 -22.93
4.85 404.78 -104.53 160.29 20.30 -55.94 -23.06
4.86 404.98 -105.10 160.06 19.96 -55.86 -23.19
4.87 405.18 -105.67 159.82 19.63 -55.77 -23.32
4.88 405.38 -106.24 159.58 19.30 -55.68 -23.45
4.89 405.58 -106.81 159.34 18.97 -55.60 -23.58
4.90 405.77 -107.38 159.10 18.64 -55.51 -23.71
4.91 405.96 -107.95 158.85 18.30 -55.42 -23.84
4.92 406.14 -108.52 158.61 17.97 -55.33 -23.97
4.93 406.33 -109.08 158.36 17.64 -55.25 -24.10
4.94 406.51 -109.65 158.12 17.31 -55.16 -24.23
4.95 406.68 -110.21 157.87 16.98 -55.07 -24.36
4.96 406.85 -110.77 157.62 16.65 -54.98 -24.49
4.97 407.02 -111.33 157.37 16.32 -54.89 -24.62
4.98 407.19 -111.89 157.12 15.99 -54.80 -24.74
4.99 407.35 -112.45 156.86 15.66 -54.71 -24.87
5.00 407.51 -113.01 156.61 15.33 -54.62 -25.00
5.01 407.66 -113.57 156.35 15.01 -54.52 -25.12
5.02 407.81 -114.13 156.09 14.68 -54.43 -25.25
5.03 407.96 -114.68 155.83 14.35 -54.34 -25.38
5.04 408.11 -115.24 155.57 14.02 -54.25 -25.50
5.05 408.25 -115.79 155.31 13.69 -54.16 -25.63
5.06 408.39 -116.35 155.05 13.37 -54.06 -25.75
5.07 408.52 -116.90 154.79 13.04 -53.97 -25.88
5.08 408.65 -117.45 154.52 12.71 -53.88 -26.00
5.09 408.78 -118.00 154.25 12.39 -53.78 -26.12
5.10 408.91 -118.55 153.99 12.06 -53.69 -26.25
5.11 409.03 -119.10 153.72 11.73 -53.59 -26.37
5.12 409.15 -119.65 153.45 11.41 -53.50 -26.49
5.13 409.26 -120.19 153.17 11.08 -53.40 -26.61
5.14 409.37 -120.74 152.90 10.76 -53.31 -26.74
5.15 409.48 -121.28 152.63 10.43 -53.21 -26.86
5.16 409.59 -121.83 152.35 10.11 -53.11 -26.98
5.17 409.69 -122.37 152.08 9.78 -53.02 -27.10
5.18 409.79 -122.91 151.80 9.46 -52.92 -27.22
5.19 409.88 -123.45 151.52 9.13 -52.82 -27.34
5.20 409.97 -123.99 151.24 8.81 -52.72 -27.46
5.21 410.06 -124.53 150.96 8.48 -52.63 -27.58
5.22 410.15 -125.07 150.67 8.16 -52.53 -27.70
5.23 410.23 -125.61 150.39 7.84 -52.43 -27.82
5.24 410.31 -126.14 150.11 7.51 -52.33 -27.94
5.25 410.38 -126.68 149.82 7.19 -52.23 -28.06
5.26 410.46 -127.21 149.53 6.87 -52.13 -28.17
5.27 410.52 -127.74 149.24 6.54 -52.03 -28.29
5.28 410.59 -128.27 148.95 6.22 -51.93 -28.41
5.29 410.65 -128.81 148.66 5.90 -51.83 -28.53
5.30 410.71 -129.33 148.37 5.58 -51.73 -28.64
5.31 410.77 -129.86 148.08 5.25 -51.62 -28.76
5.32 410.82 -130.39 147.78 4.93 -51.52 -28.88
5.33 410.87 -130.92 147.49 4.61 -51.42 -28.99
5.34 410.91 -131.44 147.19 4.29 -51.32 -29.11
5.35 410.95 -131.97 146.89 3.97 -51.21 -29.22
5.36 410.99 -132.49 146.59 3.65 -51.11 -29.34
5.37 411.03 -133.01 146.29 3.33 -51.01 -29.45
5.38 411.06 -133.53 145.99 3.00 -50.90 -29.57
5.39 411.09 -134.05 145.69 2.68 -50.80 -29.68
5.40 411.12 -134.57 145.38 2.36 -50.69 -29.80
5.41 411.14 -135.09 145.08 2.04 -50.59 -29.91
5.42 411.16 -135.61 144.77 1.72 -50.48 -30.02
5.43 411.17 -136.12 144.46 1.40 -50.38 -30.14
5.44 411.19 -136.64 144.15 1.08 -50.27 -30.25
5.45 411.20 -137.15 143.84 0.76 -50.16 -30.36
5.46 411.20 -137.66 143.53 0.44 -50.06 -30.47
5.47 411.20 -138.17 143.22 0.12 -49.95 -30.58
5.48 411.20 -138.69 142.91 -0.20 -49.84 -30.70
5.49 411.20 -139.19 142.59 -0.52 -49.73 -30.81
5.50 411.19 -139.70 142.28 -0.84 -49.63 -30.92
5.51 411.18 -140.21 141.96 -1.16 -49.52 -31.03
5.52 411.17 -140.72 141.64 -1.48 -49.41 -31.14
5.53 411.15 -141.22 141.32 -1.80 -49.30 -31.25
5.54 411.13 -141.72 141.00 -2.12 -49.19 -31.36
5.55 411.11 -142.23 140.68 -2.44 -49.08 -31.47
5.56 411.08 -142.73 140.36 -2.75 -48.97 -31.58
5.57 411.05 -143.23 140.04 -3.07 -48.86 -31.69
5.58 411.02 -143.73 139.71 -3.39 -48.75 -31.80
5.59 410.98 -144.22 139.38 -3.71 -48.63 -31.91
5.60 410.94 -144.72 139.06 -4.03 -48.52 -32.01
5.61 410.90 -145.22 138.73 -4.35 -48.41 -32.12
5.62 410.86 -145.71 138.40 -4.67 -48.30 -32.23
5.63 410.81 -146.21 138.07 -4.99 -48.18 -32.34
5.64 410.75 -146.70 137.74 -5.30 -48.07 -32.44
5.65 410.70 -147.19 137.41 -5.62 -47.96 -32.55
5.66 410.64 -147.68 137.07 -5.94 -47.84 -32.66
5.67 410.58 -148.17 136.74 -6.26 -47.73 -32.76
5.68 410.51 -148.65 136.40 -6.58 -47.61 -32.87
5.69 410.44 -149.14 136.07 -6.90 -47.50 -32.98
5.70 410.37 -149.63 135.73 -7.21 -47.38 -33.08
5.71 410.29 -150.11 135.39 -7.53 -47.27 -33.19
5.72 410.22 -150.59 135.05 -7.85 -47.15 -33.29
5.73 410.13 -151.07 134.71 -8.17 -47.03 -33.40
5.74 410.05 -151.55 134.37 -8.49 -46.91 -33.50
5.75 409.96 -152.03 134.02 -8.80 -46.80 -33.61
5.76 409.87 -152.51 133.68 -9.12 -46.68 -33.71
5.77 409.77 -152.99 133.33 -9.44 -46.56 -33.81
5.78 409.68 -153.46 132.99 -9.76 -46.44 -33.92
5.79 409.57 -153.94 132.64 -10.08 -46.32 -34.02
5.80 409.47 -154.41 132.29 -10.39 -46.20 -34.12
5.81 409.36 -154.88 131.94 -10.71 -46.08 -34.23
5.82 409.25 -155.35 131.59 -11.03 -45.96 -34.33
5.83 409.14 -155.82 131.24 -11.35 -45.84 -34.43
5.84 409.02 -156.29 130.89 -11.66 -45.72 -34.53
5.85 408.90 -156.76 130.53 -11.98 -45.60 -34.64
5.86 408.77 -157.22 130.18 -12.30 -45.48 -34.74
5.87 408.65 -157.69 129.82 -12.62 -45.35 -34.84
5.88 408.52 -158.15 129.47 -12.94 -45.23 -34.94
5.89 408.38 -158.61 129.11 -13.25 -45.11 -35.04
5.90 408.24 -159.08 128.75 -13.57 -44.98 -35.14
5.91 408.10 -159.53 128.39 -13.89 -44.86 -35.24
5.92 407.96 -159.99 128.03 -14.21 -44.74 -35.34
5.93 407.81 -160.45 127.67 -14.53 -44.61 -35.44
5.94 407.66 -160.91 127.30 -14.84 -44.48 -35.54
5.95 407.51 -161.36 126.94 -15.16 -44.36 -35.64
5.96 407.35 -161.81 126.58 -15.48 -44.23 -35.74
5.97 407.19 -162.26 126.21 -15.80 -44.11 -35.84
5.98 407.03 -162.71 125.84 -16.12 -43.98 -35.94
5.99 406.86 -163.16 125.47 -16.43 -43.85 -36.04
6.00 406.69 -163.61 125.11 -16.75 -43.72 -36.13
6.01 406.52 -164.06 124.74 -17.07 -43.60 -36.23
6.02 406.34 -164.50 124.36 -17.39 -43.47 -36.33
6.03 406.16 -164.95 123.99 -17.71 -43.34 -36.43
6.04 405.98 -165.39 123.62 -18.03 -43.21 -36.53
6.05 405.80 -165.83 123.25 -18.34 -43.08 -36.62
6.06 405.61 -166.27 122.87 -18.66 -42.95 -36.72
6.07 405.41 -166.71 122.49 -18.98 -42.82 -36.82
6.08 405.22 -167.15 122.12 -19.30 -42.69 -36.91
6.09 405.02 -167.58 121.74 -19.62 -42.55 -37.01
6.10 404.82 -168.02 121.36 -19.94 -42.42 -37.10
6.11 404.61 -168.45 120.98 -20.26 -42.29 -37.20
6.12 404.40 -168.88 120.60 -20.58 -42.16 -37.30
6.13 404.19 -169.31 120.22 -20.90 -42.02 -37.39
6.14 403.98 -169.74 119.83 -21.22 -41.89 -37.49
6.15 403.76 -170.17 119.45 -21.53 -41.75 -37.58
6.16 403.53 -170.60 119.07 -21.85 -41.62 -37.68
6.17 403.31 -171.02 118.68 -22.17 -41.48 -37.77
6.18 403.08 -171.44 118.29 -22.49 -41.35 -37.86
6.19 402.85 -171.87 117.91 -22.81 -41.21 -37.96
6.20 402.61 -172.29 117.52 -23.13 -41.08 -38.05
6.21 402.38 -172.71 117.13 -23.45 -40.94 -38.15
6.22 402.13 -173.12 116.74 -23.77 -40.80 -38.24
6.23 401.89 -173.54 116.34 -24.09 -40.66 -38.33
6.24 401.64 -173.96 115.95 -24.41 -40.52 -38.43
6.25 401.39 -174.37 115.56 -24.73 -40.39 -38.52
6.26 401.14 -174.78 115.16 -25.05 -40.25 -38.61
6.27 400.88 -175.19 114.77 -25.37 -40.11 -38.70
6.28 400.62 -175.60 114.37 -25.70 -39.97 -38.79
6.29 400.35 -176.01 113.98 -26.02 -39.83 -38.89
6.30 400.09 -176.42 113.58 -26.34 -39.68 -38.98
6.31 399.81 -176.82 113.18 -26.66 -39.54 -39.07
6.32 399.54 -177.23 112.78 -26.98 -39.40 -39.16
6.33 399.26 -177.63 112.38 -27.30 -39.26 -39.25
6.34 398.98 -178.03 111.98 -27.62 -39.11 -39.34
6.35 398.70 -178.43 111.57 -27.95 -38.97 -39.43
6.36 398.41 -178.83 111.17 -28.27 -38.83 -39.52
6.37 398.12 -179.22 110.76 -28.59 -38.68 -39.61
6.38 397.82 -179.62 110.36 -28.91 -38.53 -39.70
6.39 397.53 -180.01 109.95 -29.23 -38.39 -39.79
6.40 397.23 -180.40 109.54 -29.56 -38.24 -39.88
6.41 396.92 -180.79 109.14 -29.88 -38.10 -39.97
6.42 396.62 -181.18 108.73 -30.20 -37.95 -40.06
6.43 396.31 -181.57 108.32 -30.53 -37.80 -40.15
6.44 395.99 -181.95 107.91 -30.85 -37.65 -40.24
6.45 395.67 -182.34 107.49 -31.17 -37.50 -40.33
6.46 395.35 -182.72 107.08 -31.50 -37.35 -40.41
6.47 395.03 -183.10 106.67 -31.82 -37.20 -40.50
6.48 394.70 -183.48 106.25 -32.15 -37.05 -40.59
6.49 394.37 -183.86 105.84 -32.47 -36.90 -40.68
6.50 394.04 -184.24 105.42 -32.79 -36.75 -40.76
6.51 393.70 -184.61 105.00 -33.12 -36.60 -40.85
6.52 393.36 -184.99 104.58 -33.44 -36.45 -40.94
6.53 393.02 -185.36 104.17 -33.77 -36.29 -41.02
6.54 392.67 -185.73 103.75 -34.10 -36.14 -41.11
6.55 392.32 -186.10 103.32 -34.42 -35.98 -41.20
6.56 391.97 -186.46 102.90 -34.75 -35.83 -41.28
6.57 391.61 -186.83 102.48 -35.07 -35.67 -41.37
6.58 391.25 -187.19 102.06 -35.40 -35.52 -41.45
6.59 390.89 -187.56 101.63 -35.73 -35.36 -41.54
6.60 390.52 -187.92 101.21 -36.05 -35.21 -41.63
6.61 390.15 -188.28 100.78 -36.38 -35.05 -41.71
6.62 389.77 -188.63 100.35 -36.71 -34.89 -41.80
6.63 389.40 -188.99 99.93 -37.04 -34.73 -41.88
6.64 389.02 -189.35 99.50 -37.36 -34.57 -41.96
6.65 388.63 -189.70 99.07 -37.69 -34.41 -42.05
6.66 388.25 -190.05 98.64 -38.02 -34.25 -42.13
6.67 387.86 -190.40 98.21 -38.35 -34.09 -42.22
6.68 387.46 -190.75 97.77 -38.68 -33.93 -42.30
6.69 387.06 -191.09 97.34 -39.01 -33.77 -42.38
6.70 386.66 -191.44 96.91 -39.34 -33.60 -42.47
6.71 386.26 -191.78 96.47 -39.67 -33.44 -42.55
6.72 385.85 -192.12 96.04 -40.00 -33.27 -42.63
6.73 385.44 -192.46 95.60 -40.33 -33.11 -42.71
6.74 385.03 -192.80 95.16 -40.66 -32.94 -42.80
6.75 384.61 -193.13 94.73 -40.99 -32.78 -42.88
6.76 384.19 -193.47 94.29 -41.32 -32.61 -42.96
6.77 383.76 -193.80 93.85 -41.65 -32.45 -43.04
6.78 383.34 -194.13 93.41 -41.98 -32.28 -43.12
6.79 382.91 -194.46 92.96 -42.31 -32.11 -43.20
6.80 382.47 -194.79 92.52 -42.65 -31.94 -43.28
6.81 382.03 -195.11 92.08 -42.98 -31.77 -43.36
6.82 381.59 -195.44 91.64 -43.31 -31.60 -43.44
6.83 381.15 -195.76 91.19 -43.65 -31.43 -43.53
6.84 380.70 -196.08 90.74 -43.98 -31.26 -43.61
6.85 380.25 -196.40 90.30 -44.31 -31.08 -43.68
6.86 379.79 -196.72 89.85 -44.65 -30.91 -43.76
6.87 379.33 -197.03 89.40 -44.98 -30.74 -43.84
6.88 378.87 -197.35 88.95 -45.32 -30.56 -43.92
6.89 378.41 -197.66 88.50 -45.65 -30.39 -44.00
6.90 377.94 -197.97 88.05 -45.99 -30.21 -44.08
6.91 377.47 -198.28 87.60 -46.33 -30.04 -44.16
6.92 376.99 -198.58 87.15 -46.66 -29.86 -44.24
6.93 376.51 -198.89 86.70 -47.00 -29.68 -44.32
6.94 376.03 -199.19 86.24 -47.34 -29.50 -44.39
6.95 375.54 -199.49 85.79 -47.68 -29.32 -44.47
6.96 375.06 -199.79 85.34 -48.01 -29.14 -44.55
6.97 374.56 -200.09 84.88 -48.35 -28.96 -44.63
6.98 374.07 -200.38 84.42 -48.69 -28.78 -44.70
6.99 373.57 -200.67 83.96 -49.03 -28.60 -44.78
7.00 373.06 -200.97 83.51 -49.37 -28.42 -44.86
7.01 372.56 -201.26 83.05 -49.71 -28.23 -44.93
7.02 372.05 -201.54 82.59 -50.05 -28.05 -45.01
7.03 371.53 -201.83 82.13 -50.39 -27.87 -45.08
7.04 371.02 -202.11 81.67 -50.73 -27.68 -45.16
7.05 370.50 -202.40 81.20 -51.07 -27.49 -45.23
7.06 369.97 -202.68 80.74 -51.42 -27.31 -45.31
7.07 369.44 -202.95 80.28 -51.76 -27.12 -45.38
7.08 368.91 -203.23 79.81 -52.10 -26.93 -45.46
7.09 368.38 -203.51 79.35 -52.44 -26.74 -45.53
7.10 367.84 -203.78 78.88 -52.79 -26.55 -45.61
7.11 367.30 -204.05 78.41 -53.13 -26.36 -45.68
7.12 366.75 -204.32 77.95 -53.48 -26.17 -45.76
7.13 366.20 -204.58 77.48 -53.82 -25.97 -45.83
7.14 365.65 -204.85 77.01 -54.17 -25.78 -45.90
7.15 365.10 -205.11 76.54 -54.51 -25.59 -45.98
7.16 364.54 -205.37 76.07 -54.86 -25.39 -46.05
7.17 363.97 -205.63 75.60 -55.21 -25.20 -46.12
7.18 363.41 -205.89 75.12 -55.56 -25.00 -46.19
7.19 362.84 -206.14 74.65 -55.90 -24.80 -46.27
7.20 362.26 -206.39 74.18 -56.25 -24.60 -46.34
7.21 361.69 -206.64 73.70 -56.60 -24.41 -46.41
7.22 361.11 -206.89 73.23 -56.95 -24.21 -46.48
7.23 360.52 -207.14 72.75 -57.30 -24.00 -46.55
7.24 359.93 -207.38 72.28 -57.65 -23.80 -46.62
7.25 359.34 -207.63 71.80 -58.00 -23.60 -46.69
7.26 358.75 -207.87 71.32 -58.35 -23.40 -46.76
7.27 358.15 -208.11 70.84 -58.70 -23.19 -46.83
7.28 357.55 -208.34 70.36 -59.06 -22.99 -46.90
7.29 356.94 -208.58 69.88 -59.41 -22.78 -46.97
7.30 356.33 -208.81 69.40 -59.76 -22.57 -47.04
7.31 355.72 -209.04 68.92 -60.12 -22.37 -47.11
7.32 355.10 -209.27 68.44 -60.47 -22.16 -47.18
7.33 354.48 -209.49 67.96 -60.83 -21.95 -47.25
7.34 353.86 -209.71 67.47 -61.18 -21.74 -47.32
7.35 353.23 -209.94 66.99 -61.54 -21.53 -47.39
7.36 352.60 -210.15 66.50 -61.90 -21.31 -47.45
7.37 351.96 -210.37 66.02 -62.25 -21.10 -47.52
7.38 351.33 -210.59 65.53 -62.61 -20.89 -47.59
7.39 350.68 -210.80 65.04 -62.97 -20.67 -47.66
7.40 350.04 -211.01 64.56 -63.33 -20.46 -47.72
7.41 349.39 -211.22 64.07 -63.69 -20.24 -47.79
7.42 348.74 -211.42 63.58 -64.05 -20.02 -47.86
7.43 348.08 -211.63 63.09 -64.41 -19.80 -47.92
7.44 347.42 -211.83 62.60 -64.77 -19.58 -47.99
7.45 346.75 -212.03 62.11 -65.14 -19.36 -48.05
7.46 346.09 -212.22 61.62 -65.50 -19.14 -48.12
7.47 345.41 -212.42 61.12 -65.86 -18.91 -48.18
7.48 344.74 -212.61 60.63 -66.23 -18.69 -48.25
7.49 344.06 -212.80 60.14 -66.59 -18.46 -48.31
7.50 343.38 -212.99 59.64 -66.96 -18.24 -48.38
7.51 342.69 -213.17 59.15 -67.32 -18.01 -48.44
7.52 342.00 -213.36 58.65 -67.69 -17.78 -48.50
7.53 341.31 -213.54 58.16 -68.06 -17.55 -48.57
7.54 340.61 -213.72 57.66 -68.42 -17.32 -48.63
7.55 339.91 -213.89 57.16 -68.79 -17.09 -48.69
7.56 339.20 -214.07 56.66 -69.16 -16.86 -48.75
7.57 338.49 -214.24 56.16 -69.53 -16.62 -48.82
7.58 337.78 -214.41 55.66 -69.90 -16.39 -48.88
7.59 337.06 -214.57 55.16 -70.27 -16.15 -48.94
7.60 336.34 -214.74 54.66 -70.65 -15.92 -49.00
7.61 335.62 -214.90 54.16 -71.02 -15.68 -49.06
7.62 334.89 -215.06 53.66 -71.39 -15.44 -49.12
7.63 334.16 -215.21 53.16 -71.77 -15.20 -49.18
7.64 333.42 -215.37 52.65 -72.14 -14.96 -49.24
7.65 332.68 -215.52 52.15 -72.52 -14.71 -49.30
7.66 331.94 -215.67 51.65 -72.89 -14.47 -49.36
7.67 331.19 -215.81 51.14 -73.27 -14.22 -49.42
7.68 330.44 -215.96 50.63 -73.65 -13.98 -49.48
7.69 329.68 -216.10 50.13 -74.03 -13.73 -49.54
7.70 328.92 -216.24 49.62 -74.41 -13.48 -49.59
7.71 328.16 -216.38 49.11 -74.79 -13.23 -49.65
7.72 327.39 -216.51 48.61 -75.17 -12.98 -49.71
7.73 326.62 -216.64 48.10 -75.55 -12.72 -49.77
7.74 325.85 -216.77 47.59 -75.93 -12.47 -49.82
7.75 325.07 -216.90 47.08 -76.32 -12.21 -49.88
7.76 324.29 -217.02 46.57 -76.70 -11.96 -49.93
7.77 323.50 -217.14 46.06 -77.09 -11.70 -49.99
7.78 322.71 -217.26 45.55 -77.47 -11.44 -50.04
7.79 321.92 -217.38 45.03 -77.86 -11.18 -50.10
7.80 321.12 -217.49 44.52 -78.25 -10.92 -50.15
7.81 320.32 -217.60 44.01 -78.63 -10.65 -50.21
7.82 319.51 -217.71 43.49 -79.02 -10.39 -50.26
7.83 318.70 -217.81 42.98 -79.41 -10.12 -50.31
7.84 317.89 -217.91 42.46 -79.81 -9.85 -50.37
7.85 317.07 -218.01 41.95 -80.20 -9.59 -50.42
7.86 316.25 -218.11 41.43 -80.59 -9.32 -50.47
7.87 315.42 -218.20 40.92 -80.98 -9.04 -50.52
7.88 314.59 -218.29 40.40 -81.38 -8.77 -50.58
7.89 313.75 -218.38 39.88 -81.77 -8.50 -50.63
7.90 312.92 -218.47 39.36 -82.17 -8.22 -50.68
7.91 312.07 -218.55 38.85 -82.57 -7.94 -50.73
7.92 311.23 -218.63 38.33 -82.97 -7.66 -50.78
7.93 310.38 -218.71 37.81 -83.36 -7.38 -50.83
7.94 309.52 -218.78 37.29 -83.76 -7.10 -50.88
7.95 308.66 -218.85 36.77 -84.17 -6.81 -50.92
7.96 307.80 -218.92 36.25 -84.57 -6.53 -50.97
7.97 306.93 -218.99 35.72 -84.97 -6.24 -51.02
7.98 306.06 -219.05 35.20 -85.37 -5.95 -51.07
7.99 305.19 -219.11 34.68 -85.78 -5.66 -51.11
8.00 304.31 -219.16 34.16 -86.19 -5.37 -51.16
8.01 303.42 -219.22 33.63 -86.59 -5.08 -51.21
8.02 302.54 -219.27 33.11 -87.00 -4.78 -51.25
8.03 301.65 -219.32 32.58 -87.41 -4.49 -51.30
8.04 300.75 -219.36 32.06 -87.82 -4.19 -51.34
8.05 299.85 -219.40 31.53 -88.23 -3.89 -51.38
8.06 298.94 -219.44 31.01 -88.64 -3.58 -51.43
8.07 298.04 -219.47 30.48 -89.06 -3.28 -51.47
8.08 297.12 -219.51 29.96 -89.47 -2.98 -51.51
8.09 296.21 -219.54 29.43 -89.89 -2.67 -51.56
8.10 295.28 -219.56 28.90 -90.30 -2.36 -51.60
8.11 294.36 -219.58 28.37 -90.72 -2.05 -51.64
8.12 293.43 -219.60 27.84 -91.14 -1.73 -51.68
8.13 292.49 -219.62 27.32 -91.56 -1.42 -51.72
8.14 291.56 -219.63 26.79 -91.98 -1.10 -51.76
8.15 290.61 -219.64 26.26 -92.40 -0.79 -51.80
8.16 289.67 -219.65 25.73 -92.82 -0.46 -51.84
8.17 288.71 -219.65 25.20 -93.25 -0.14 -51.87
8.18 287.76 -219.65 24.67 -93.67 0.18 -51.91
8.19 286.80 -219.65 24.14 -94.10 0.51 -51.95
8.20 285.83 -219.64 23.60 -94.53 0.84 -51.98
8.21 284.86 -219.63 23.07 -94.96 1.17 -52.02
8.22 283.89 -219.62 22.54 -95.39 1.50 -52.06
8.23 282.91 -219.60 22.01 -95.82 1.83 -52.09
8.24 281.93 -219.58 21.47 -96.25 2.17 -52.12
8.25 280.95 -219.56 20.94 -96.69 2.51 -52.16
8.26 279.95 -219.53 20.41 -97.12 2.85 -52.19
8.27 278.96 -219.50 19.87 -97.56 3.19 -52.22
8.28 277.96 -219.46 19.34 -98.00 3.54 -52.25
8.29 276.95 -219.42 18.80 -98.43 3.88 -52.28
8.30 275.95 -219.38 18.27 -98.87 4.23 -52.31
8.31 274.93 -219.34 17.73 -99.32 4.58 -52.34
8.32 273.91 -219.29 17.20 -99.76 4.94 -52.37
8.33 272.89 -219.24 16.66 -100.20 5.29 -52.40
8.34 271.86 -219.18 16.13 -100.65 5.65 -52.43
8.35 270.83 -219.12 15.59 -101.10 6.01 -52.45
8.36 269.80 -219.06 15.05 -101.54 6.38 -52.48
8.37 268.76 -218.99 14.52 -101.99 6.74 -52.51
8.38 267.71 -218.92 13.98 -102.44 7.11 -52.53
8.39 266.66 -218.85 13.44 -102.90 7.48 -52.55
8.40 265.61 -218.77 12.91 -103.35 7.86 -52.58
8.41 264.55 -218.68 12.37 -103.81 8.23 -52.60
8.42 263.48 -218.60 11.83 -104.26 8.61 -52.62
8.43 262.41 -218.51 11.29 -104.72 8.99 -52.64
8.44 261.34 -218.41 10.75 -105.18 9.37 -52.66
8.45 260.26 -218.32 10.21 -105.64 9.76 -52.68
8.46 259.18 -218.22 9.68 -106.10 10.15 -52.70
8.47 258.09 -218.11 9.14 -106.57 10.54 -52.72
8.48 257.00 -218.00 8.60 -107.03 10.93 -52.73
8.49 255.90 -217.89 8.06 -107.50 11.33 -52.75
8.50 254.80 -217.77 7.52 -107.97 11.73 -52.76
8.51 253.69 -217.65 6.98 -108.44 12.13 -52.78
8.52 252.58 -217.52 6.44 -108.91 12.54 -52.79
8.53 251.47 -217.39 5.90 -109.39 12.95 -52.80
8.54 250.35 -217.25 5.36 -109.86 13.36 -52.82
8.55 249.22 -217.12 4.82 -110.34 13.77 -52.83
8.56 248.09 -216.97 4.28 -110.82 14.19 -52.84
8.57 246.95 -216.83 3.74 -111.29 14.61 -52.84
8.58 245.81 -216.67 3.20 -111.78 15.03 -52.85
8.59 244.67 -216.52 2.66 -112.26 15.46 -52.86
8.60 243.52 -216.36 2.12 -112.74 15.89 -52.86
8.61 242.36 -216.19 1.58 -113.23 16.32 -52.87
8.62 241.20 -216.02 1.03 -113.72 16.76 -52.87
8.63 240.03 -215.85 0.49 -114.21 17.20 -52.87
8.64 238.86 -215.67 -0.05 -114.70 17.64 -52.87
8.65 237.69 -215.49 -0.59 -115.19 18.09 -52.87
8.66 236.51 -215.30 -1.13 -115.69 18.54 -52.87
8.67 235.32 -215.11 -1.67 -116.19 18.99 -52.87
8.68 234.13 -214.91 -2.21 -116.69 19.45 -52.86
8.69 232.93 -214.71 -2.75 -117.19 19.91 -52.86
8.70 231.73 -214.51 -3.29 -117.69 20.37 -52.85
8.71 230.53 -214.30 -3.83 -118.19 20.84 -52.84
8.72 229.32 -214.08 -4.37 -118.70 21.31 -52.83
8.73 228.10 -213.86 -4.91 -119.21 21.79 -52.82
8.74 226.88 -213.63 -5.45 -119.72 22.27 -52.81
8.75 225.65 -213.40 -5.99 -120.23 22.75 -52.79
8.76 224.42 -213.17 -6.53 -120.74 23.24 -52.78
8.77 223.18 -212.93 -7.07 -121.26 23.73 -52.76
8.78 221.94 -212.68 -7.61 -121.77 24.22 -52.74
8.79 220.69 -212.43 -8.15 -122.29 24.72 -52.72
8.80 219.44 -212.18 -8.69 -122.82 25.23 -52.70
8.81 218.18 -211.92 -9.23 -123.34 25.73 -52.68
8.82 216.91 -211.65 -9.77 -123.86 26.24 -52.66
8.83 215.64 -211.38 -10.31 -124.39 26.76 -52.63
8.84 214.37 -211.10 -10.84 -124.92 27.28 -52.60
8.85 213.09 -210.82 -11.38 -125.45 27.81 -52.58
8.86 211.80 -210.54 -11.92 -125.99 28.33 -52.55
8.87 210.51 -210.24 -12.46 -126.52 28.87 -52.51
8.88 209.22 -209.94 -12.99 -127.06 29.41 -52.48
8.89 207.91 -209.64 -13.53 -127.60 29.95 -52.44
8.90 206.61 -209.33 -14.07 -128.14 30.50 -52.41
8.91 205.29 -209.02 -14.60 -128.69 31.05 -52.37
8.92 203.97 -208.70 -15.14 -129.23 31.61 -52.33
8.93 202.65 -208.37 -15.67 -129.78 32.17 -52.29
8.94 201.32 -208.04 -16.21 -130.33 32.74 -52.24
8.95 199.98 -207.70 -16.74 -130.89 33.31 -52.19
8.96 198.64 -207.36 -17.27 -131.44 33.89 -52.15
8.97 197.29 -207.01 -17.81 -132.00 34.47 -52.10
8.98 195.94 -206.65 -18.34 -132.56 35.06 -52.04
8.99 194.58 -206.29 -18.87 -133.12 35.66 -51.99
9.00 193.22 -205.92 -19.40 -133.69 36.26 -51.93
9.01 191.85 -205.55 -19.93 -134.25 36.86 -51.87
9.02 190.47 -205.17 -20.46 -134.82 37.47 -51.81
9.03 189.09 -204.78 -20.99 -135.39 38.09 -51.75
9.04 187.70 -204.39 -21.52 -135.97 38.72 -51.68
9.05 186.31 -203.99 -22.05 -136.54 39.34 -51.61
9.06 184.91 -203.58 -22.58 -137.12 39.98 -51.54
9.07 183.51 -203.17 -23.10 -137.70 40.62 -51.47
9.08 182.09 -202.75 -23.63 -138.29 41.27 -51.39
9.09 180.68 -202.33 -24.16 -138.87 41.92 -51.31
9.10 179.25 -201.90 -24.68 -139.46 42.59 -51.23
9.11 177.82 -201.46 -25.20 -140.05 43.25 -51.15
9.12 176.39 -201.01 -25.73 -140.65 43.93 -51.06
9.13 174.95 -200.56 -26.25 -141.24 44.61 -50.97
9.14 173.50 -200.10 -26.77 -141.84 45.30 -50.88
9.15 172.05 -199.63 -27.29 -142.44 45.99 -50.79
9.16 170.59 -199.16 -27.81 -143.05 46.69 -50.69
9.17 169.12 -198.68 -28.33 -143.65 47.40 -50.58
9.18 167.65 -198.19 -28.84 -144.26 48.12 -50.48
9.19 166.17 -197.69 -29.36 -144.87 48.85 -50.37
9.20 164.68 -197.19 -29.87 -145.49 49.58 -50.26
9.21 163.19 -196.68 -30.39 -146.10 50.32 -50.15
9.22 161.70 -196.16 -30.90 -146.72 51.07 -50.03
9.23 160.19 -195.63 -31.41 -147.34 51.83 -49.91
9.24 158.68 -195.10 -31.92 -147.97 52.59 -49.78
9.25 157.17 -194.56 -32.43 -148.60 53.37 -49.65
9.26 155.64 -194.01 -32.93 -149.23 54.15 -49.52
9.27 154.11 -193.45 -33.44 -149.86 54.94 -49.38
9.28 152.58 -192.88 -33.94 -150.49 55.74 -49.24
9.29 151.04 -192.31 -34.45 -151.13 56.55 -49.09
9.30 149.49 -191.73 -34.95 -151.77 57.37 -48.94
9.31 147.93 -191.14 -35.45 -152.41 58.19 -48.79
9.32 146.37 -190.54 -35.95 -153.06 59.03 -48.63
9.33 144.80 -189.93 -36.44 -153.71 59.88 -48.47
9.34 143.23 -189.31 -36.94 -154.36 60.74 -48.30
9.35 141.64 -188.69 -37.43 -155.01 61.60 -48.13
9.36 140.05 -188.05 -37.92 -155.67 62.48 -47.95
9.37 138.46 -187.41 -38.41 -156.33 63.37 -47.77
9.38 136.86 -186.76 -38.90 -156.99 64.27 -47.58
9.39 135.25 -186.09 -39.39 -157.65 65.18 -47.39
9.40 133.63 -185.42 -39.87 -158.32 66.10 -47.19
9.41 132.01 -184.74 -40.35 -158.99 67.03 -46.98
9.42 130.38 -184.05 -40.83 -159.66 67.98 -46.77
9.43 128.74 -183.35 -41.31 -160.34 68.93 -46.56
9.44 127.10 -182.64 -41.78 -161.01 69.90 -46.34
9.45 125.45 -181.92 -42.25 -161.69 70.88 -46.11
9.46 123.79 -181.19 -42.73 -162.37 71.87 -45.87
9.47 122.13 -180.45 -43.19 -163.06 72.88 -45.63
9.48 120.46 -179.70 -43.66 -163.74 73.90 -45.38
9.49 118.78 -178.94 -44.12 -164.43 74.93 -45.13
9.50 117.09 -178.17 -44.58 -165.12 75.98 -44.87
9.51 115.40 -177.39 -45.04 -165.82 77.04 -44.60
9.52 113.70 -176.59 -45.49 -166.51 78.11 -44.32
9.53 112.00 -175.79 -45.95 -167.21 79.20 -44.03
9.54 110.28 -174.97 -46.39 -167.91 80.31 -43.74
9.55 108.56 -174.15 -46.84 -168.61 81.43 -43.44
9.56 106.83 -173.31 -47.28 -169.32 82.56 -43.13
9.57 105.10 -172.46 -47.72 -170.02 83.71 -42.81
9.58 103.36 -171.59 -48.16 -170.73 84.88 -42.48
9.59 101.61 -170.72 -48.59 -171.44 86.06 -42.14
9.60 99.85 -169.83 -49.02 -172.15 87.26 -41.80
9.61 98.09 -168.94 -49.45 -172.86 88.48 -41.44
9.62 96.31 -168.02 -49.87 -173.57 89.72 -41.07
9.63 94.54 -167.10 -50.29 -174.28 90.97 -40.69
9.64 92.75 -166.16 -50.70 -175.00 92.24 -40.31
9.65 90.96 -165.21 -51.11 -175.71 93.53 -39.91
9.66 89.15 -164.25 -51.52 -176.43 94.84 -39.49
9.67 87.35 -163.27 -51.92 -177.15 96.17 -39.07
9.68 85.53 -162.28 -52.32 -177.86 97.52 -38.64
9.69 83.71 -161.28 -52.71 -178.58 98.89 -38.19
9.70 81.88 -160.26 -53.10 -179.30 100.28 -37.73
9.71 80.04 -159.23 -53.48 -180.01 101.69 -37.25
9.72 78.20 -158.18 -53.86 -180.73 103.13 -36.76
9.73 76.34 -157.12 -54.23 -181.44 104.59 -36.26
9.74 74.49 -156.04 -54.60 -182.15 106.07 -35.74
9.75 72.62 -154.95 -54.96 -182.87 107.57 -35.20
9.76 70.75 -153.84 -55.32 -183.58 109.10 -34.65
9.77 68.86 -152.72 -55.67 -184.28 110.65 -34.09
9.78 66.98 -151.58 -56.02 -184.99 112.23 -33.50
9.79 65.08 -150.42 -56.36 -185.69 113.83 -32.90
9.80 63.18 -149.25 -56.69 -186.39 115.46 -32.28
9.81 61.27 -148.06 -57.02 -187.08 117.12 -31.64
9.82 59.35 -146.85 -57.34 -187.77 118.80 -30.99
9.83 57.43 -145.63 -57.65 -188.45 120.51 -30.31
9.84 55.50 -144.39 -57.96 -189.13 122.25 -29.61
9.85 53.56 -143.13 -58.26 -189.80 124.03 -28.89
9.86 51.61 -141.85 -58.55 -190.47 125.83 -28.14
9.87 49.66 -140.55 -58.83 -191.12 127.66 -27.37
9.88 47.71 -139.24 -59.11 -191.77 129.52 -26.58
9.89 45.74 -137.91 -59.38 -192.41 131.41 -25.77
9.90 43.77 -136.55 -59.63 -193.04 133.34 -24.92
9.91 41.79 -135.18 -59.88 -193.66 135.30 -24.05
9.92 39.81 -133.78 -60.13 -194.26 137.30 -23.16
9.93 37.82 -132.37 -60.36 -194.85 139.33 -22.23
9.94 35.82 -130.93 -60.58 -195.43 141.39 -21.28
9.95 33.82 -129.48 -60.79 -195.99 143.49 -20.29
9.96 31.81 -128.00 -61.00 -196.54 145.63 -19.27
9.97 29.80 -126.50 -61.19 -197.06 147.81 -18.22
9.98 27.78 -124.98 -61.37 -197.57 150.02 -17.13
9.99 25.76 -123.43 -61.54 -198.06 152.27 -16.01
