#t x y z vx vy vz
0.00 -1.99 3.08 -1.46 0.30 4.26 -0.44
0.07 -1.78 3.10 -1.48 -1.14 7.92 -0.36
0.14 -1.90 3.28 -1.57 -3.13 9.15 -0.94
0.21 -2.27 3.49 -1.60 -2.65 8.05 0.07
0.29 -2.48 3.67 -1.57 -4.58 8.20 -0.19
0.36 -2.90 4.08 -1.53 -6.73 7.96 0.59
0.43 -3.26 4.72 -1.63 -9.03 12.64 -2.31
0.50 -3.59 5.49 -1.82 -4.79 10.83 -2.80
0.57 -3.81 6.12 -2.00 -3.16 7.06 -1.93
0.64 -3.92 6.60 -2.16 -5.16 4.27 -1.81
0.71 -4.04 7.03 -2.22 -7.73 5.82 -0.89
0.79 -4.46 7.52 -2.56 -8.53 9.33 -6.52
0.86 -5.16 8.25 -3.19 -10.21 6.92 -9.65
0.93 -5.97 9.12 -3.73 -11.75 11.02 -9.23
1.00 -6.78 10.16 -4.30 -6.29 10.87 -7.73
1.07 -7.06 11.03 -4.85 -4.13 10.98 -8.51
1.14 -7.29 12.29 -5.68 -4.39 16.23 -10.65
1.21 -7.73 13.33 -6.44 -7.61 14.39 -11.16
1.29 -8.14 14.39 -7.19 -9.46 14.74 -10.92
1.36 -8.98 15.43 -7.98 -12.30 17.14 -11.25
1.43 -10.10 16.75 -8.91 -12.11 14.60 -13.51
1.50 -10.92 18.13 -9.89 -13.59 22.38 -14.82
1.57 -11.63 19.82 -10.95 -10.90 24.26 -15.71
1.64 -12.24 21.50 -11.82 -13.88 25.59 -12.70
1.71 -13.17 23.33 -12.76 -11.99 26.98 -14.23
1.79 -14.10 25.01 -13.77 -14.80 24.88 -15.65
1.86 -15.24 26.82 -14.86 -19.08 27.23 -15.18
1.93 -16.64 29.20 -15.81 -24.52 29.78 -15.04
2.00 -18.27 31.71 -16.93 -22.47 35.01 -15.28
2.07 -19.82 34.35 -18.06 -21.94 39.71 -16.55
2.14 -21.34 37.18 -19.22 -17.55 40.53 -15.54
2.21 -22.59 40.06 -20.46 -18.84 38.90 -19.07
2.29 -24.15 42.95 -21.86 -23.28 38.51 -19.20
2.36 -25.95 45.93 -23.15 -24.68 44.04 -19.26
2.43 -27.65 49.07 -24.49 -24.01 44.06 -19.48
2.50 -29.43 52.22 -25.90 -24.54 49.91 -20.18
2.57 -31.22 55.89 -27.41 -25.13 54.78 -21.95
2.64 -33.14 59.73 -28.77 -26.15 54.50 -19.38
2.71 -34.99 63.73 -30.29 -26.40 55.58 -22.12
2.79 -36.91 67.80 -31.91 -28.10 58.17 -24.09
2.86 -38.84 71.95 -33.61 -32.01 62.91 -23.87
2.93 -40.98 76.35 -35.38 -32.07 65.68 -27.91
3.00 -43.08 81.39 -37.46 -31.95 72.53 -28.35
3.07 -45.11 86.88 -39.46 -34.27 79.36 -28.06
3.14 -47.33 92.92 -41.53 -34.69 81.11 -30.33
3.21 -49.67 99.18 -43.71 -36.65 83.22 -30.24
3.29 -52.33 105.56 -45.73 -39.81 89.18 -30.47
3.36 -55.30 112.43 -47.94 -43.09 96.89 -31.59
3.43 -58.50 120.03 -50.16 -42.64 110.44 -30.47
3.50 -61.61 128.41 -52.30 -39.98 120.37 -30.21
3.57 -64.79 137.51 -54.38 -42.04 132.83 -28.11
3.64 -67.97 147.58 -56.33 -43.10 149.49 -27.66
3.71 -71.01 159.07 -58.06 -42.73 171.44 -21.08
3.79 -74.03 171.93 -59.22 -43.31 191.81 -10.84
3.86 -77.11 186.68 -59.36 -36.47 227.77 10.36
3.93 -78.79 204.30 -57.23 -5.64 264.89 57.14
4.00 -76.82 223.05 -50.40 57.24 245.62 129.52
4.07 -71.10 238.37 -40.16 91.48 182.57 148.37
4.14 -64.54 249.32 -30.14 84.75 125.32 128.88
4.21 -58.73 257.02 -21.86 74.75 89.23 103.57
4.29 -53.73 262.48 -15.12 67.37 65.35 86.12
4.36 -49.22 266.33 -9.66 62.96 45.05 70.86
4.43 -44.59 269.15 -4.98 62.45 26.23 62.96
4.50 -40.66 270.31 -0.92 59.18 8.96 52.79
4.57 -36.72 270.42 2.71 53.88 -5.64 49.89
4.64 -32.92 269.49 6.00 52.17 -16.88 43.28
4.71 -29.20 267.79 8.88 52.12 -28.23 37.62
4.79 -25.44 265.41 11.69 50.90 -40.03 32.72
4.86 -21.90 262.14 14.02 49.76 -51.18 29.93
4.93 -18.55 258.21 16.11 44.89 -60.43 25.91
5.00 -15.50 253.55 17.82 42.90 -70.79 21.38
5.07 -12.66 248.13 19.10 37.02 -80.04 14.59
5.14 -9.88 242.10 19.82 36.84 -88.43 5.15
5.21 -7.44 235.56 19.88 30.00 -92.72 -6.13
5.29 -5.11 228.88 18.85 32.26 -89.50 -19.83
5.36 -2.70 222.36 17.32 36.92 -89.57 -23.52
5.43 -0.15 215.50 15.78 37.28 -99.07 -21.05
5.50 2.64 208.35 14.39 36.28 -113.53 -18.12
5.57 4.74 199.33 13.03 32.48 -129.95 -15.73
5.64 6.73 189.16 11.67 24.39 -151.53 -20.30
5.71 7.99 177.43 9.80 10.95 -174.90 -32.39
5.79 8.28 163.98 7.29 -10.89 -223.46 -49.05
5.86 4.23 144.62 1.54 -171.67 -232.83 -87.63
5.93 -4.45 135.18 -0.80 -81.23 -73.03 -13.98
6.00 -8.14 132.71 -1.30 24.63 -33.09 22.91
6.07 -4.52 131.51 1.14 79.02 0.01 48.37
6.14 0.16 133.58 5.16 125.47 42.32 72.76
6.21 13.90 139.19 11.82 184.89 133.84 119.41
6.29 21.76 144.43 19.25 37.40 -44.58 31.78
6.36 22.98 139.98 18.64 41.61 -50.44 22.52
6.43 25.42 138.15 20.12 41.84 -26.81 18.31
6.50 28.58 136.72 22.14 42.43 -20.32 21.69
6.57 31.89 135.11 24.65 41.60 -31.21 21.56
6.64 34.84 133.26 26.91 39.75 -23.32 34.13
6.71 37.73 131.52 29.97 37.90 -26.04 34.00
6.79 40.34 129.52 32.51 43.38 -27.64 40.59
6.86 43.14 127.21 34.63 41.37 -30.93 28.62
6.93 45.86 124.72 36.50 42.87 -31.44 24.31
7.00 48.62 122.35 38.56 38.42 -28.55 22.26
7.07 51.04 120.01 40.36 38.67 -22.53 29.49
7.14 53.24 118.08 42.00 33.02 -20.68 20.08
7.21 55.49 116.00 43.21 36.66 -24.10 20.99
7.29 57.90 114.11 44.57 32.66 -26.62 20.47
7.36 60.30 112.37 45.98 31.13 -25.13 21.96
7.43 62.77 110.71 47.72 31.18 -22.48 26.55
7.50 65.35 109.16 49.57 30.58 -24.16 24.42
7.57 67.86 107.38 51.36 28.68 -26.99 23.10
7.64 70.44 105.62 53.20 31.52 -25.25 30.05
7.71 72.84 104.13 55.22 28.85 -21.50 25.38
7.79 75.01 102.69 56.80 29.15 -20.63 18.79
7.86 77.09 101.25 58.22 30.48 -17.01 18.70
7.93 79.46 99.96 59.71 32.90 -20.25 18.16
8.00 81.81 98.49 60.89 36.45 -17.03 21.55
8.07 83.61 97.88 61.57 37.97 -17.05 22.46
8.14 87.13 96.08 63.99 37.66 -19.88 22.98
8.21 89.78 94.96 65.63 38.01 -17.20 29.84
8.29 92.47 93.72 67.79 41.19 -16.86 35.18
8.36 95.25 92.30 70.11 40.50 -23.34 38.88
8.43 97.89 90.64 72.53 37.93 -22.79 37.09
8.50 100.47 88.87 74.95 34.62 -25.24 32.54
8.57 102.90 86.95 77.16 32.55 -24.97 26.21
8.64 105.18 84.95 79.08 32.44 -25.62 27.04
8.71 107.37 82.91 80.87 31.41 -25.48 19.98
8.79 109.35 80.72 82.43 26.68 -27.37 14.35
8.86 111.53 78.81 83.95 32.93 -25.93 18.96
8.93 113.83 76.87 85.48 32.91 -25.49 21.56
9.00 116.03 75.05 87.12 30.59 -24.28 20.23
9.07 118.18 73.41 88.70 29.26 -24.07 20.10
9.14 120.36 71.68 90.16 30.32 -27.72 19.05
9.21 122.61 69.89 91.57 31.44 -25.35 21.90
9.29 124.85 68.15 93.01 31.52 -25.82 21.36
9.36 127.09 66.39 94.44 28.73 -25.80 17.99
9.43 129.13 64.48 95.72 27.40 -29.38 20.67
9.50 131.06 62.76 97.34 25.30 -22.22 24.11
9.57 132.93 61.48 99.16 26.97 -17.28 27.08
9.64 134.85 60.64 100.89 29.37 -13.48 24.71
9.71 137.05 59.69 102.59 29.14 -14.74 22.09
9.79 139.26 58.54 104.34 32.16 -17.96 24.93
9.86 141.65 57.31 106.11 35.89 -16.32 25.79
9.93 144.18 55.97 108.09 36.75 -17.16 29.77
10.00 146.81 54.38 110.12 38.25 -19.82 31.59
10.07 149.39 52.76 112.30 35.96 -21.78 31.55
10.14 152.17 51.63 114.99 31.19 -19.81 34.89
10.21 154.47 50.50 117.45 33.20 -17.94 32.47
10.29 156.46 48.70 119.24 33.24 -18.36 32.09
10.36 158.87 47.49 121.45 34.08 -16.89 30.06
10.43 161.27 46.10 123.42 34.14 -19.62 24.37
10.50 163.56 44.28 125.20 29.75 -26.72 20.33
10.57 165.81 42.22 126.80 32.24 -31.88 18.16
10.64 168.05 40.07 128.13 30.74 -31.54 17.38
10.71 170.18 38.03 129.45 29.18 -30.45 17.71
10.79 172.13 36.14 130.86 25.13 -23.93 18.39
10.86 173.98 34.54 132.31 25.96 -20.52 18.64
10.93 175.97 33.23 133.81 30.37 -17.48 24.22
11.00 178.18 32.10 135.73 31.86 -17.30 27.25
11.07 180.37 30.82 137.65 30.34 -20.48 26.99
11.14 182.44 29.36 139.53 29.56 -21.88 28.97
11.21 184.52 27.85 141.48 29.83 -22.42 28.91
11.29 186.60 26.34 143.40 29.32 -18.34 28.50
11.36 188.69 24.96 145.34 29.56 -22.67 27.79
