#t x y z vx vy vz
0.00 -377.16 611.07 -284.52 71.57 -73.39 52.68
0.07 -371.61 605.82 -281.24 74.25 -78.45 56.26
0.14 -366.22 600.30 -277.54 72.92 -77.75 54.38
0.21 -361.01 594.83 -273.72 70.72 -78.47 55.50
0.29 -355.89 589.53 -270.44 71.28 -81.57 52.52
0.36 -351.20 584.09 -267.00 71.94 -82.94 48.74
0.43 -346.20 578.27 -263.58 68.54 -81.54 45.34
0.50 -341.64 572.58 -260.49 68.45 -82.32 41.96
0.57 -336.93 566.69 -257.27 67.83 -82.05 41.71
0.64 -332.14 560.69 -254.10 66.77 -84.79 43.34
0.71 -327.95 554.72 -250.77 59.63 -82.87 42.45
0.79 -324.08 548.82 -247.50 53.92 -80.65 42.50
0.86 -320.50 543.19 -244.49 47.55 -75.99 40.59
0.93 -317.35 537.83 -241.35 45.16 -70.56 37.33
1.00 -314.13 532.74 -238.26 45.67 -68.55 41.81
1.07 -311.12 527.91 -234.89 42.31 -63.33 45.74
1.14 -307.79 523.21 -231.33 45.27 -61.02 47.16
1.21 -304.42 518.62 -227.55 47.43 -61.03 52.49
1.29 -300.77 514.01 -223.60 46.66 -59.96 57.55
1.36 -297.09 509.63 -219.48 51.38 -60.00 58.72
1.43 -293.39 505.16 -214.96 52.52 -60.73 61.75
1.50 -289.14 500.60 -210.46 56.86 -61.41 62.52
1.57 -284.90 496.02 -205.81 57.66 -61.95 63.32
1.64 -280.41 491.62 -201.52 62.53 -64.19 65.52
1.71 -275.65 486.96 -196.94 69.50 -67.93 66.79
1.79 -270.36 482.02 -192.13 73.45 -69.52 69.03
1.86 -264.96 477.08 -187.30 76.29 -72.71 71.04
1.93 -259.38 472.04 -182.27 78.06 -72.72 73.54
2.00 -253.76 466.79 -177.25 78.58 -74.58 73.85
2.07 -248.07 461.37 -172.09 80.96 -79.13 74.81
2.14 -242.25 455.78 -166.86 83.10 -82.00 77.00
2.21 -236.32 450.12 -161.74 85.76 -82.55 74.10
2.29 -230.21 444.36 -156.56 90.05 -83.89 71.44
2.36 -223.83 438.26 -151.29 93.43 -88.43 71.75
2.43 -217.31 431.85 -146.18 91.39 -92.95 71.81
2.50 -211.03 425.27 -140.93 93.02 -95.75 73.29
2.57 -204.63 418.51 -135.62 94.80 -97.21 73.40
2.64 -198.07 411.63 -130.41 94.15 -97.78 73.02
2.71 -191.33 404.48 -124.94 94.90 -99.78 72.77
2.79 -184.65 397.22 -119.34 95.25 -102.23 76.23
2.86 -178.04 389.90 -113.72 97.52 -103.93 76.10
2.93 -171.34 382.40 -108.09 97.34 -105.02 74.87
3.00 -164.45 374.61 -102.44 98.20 -110.34 77.04
3.07 -157.39 366.48 -96.57 99.59 -111.82 80.09
3.14 -150.06 358.06 -90.48 102.82 -117.53 80.34
3.21 -142.83 349.47 -84.46 105.03 -120.33 79.55
3.29 -135.30 340.47 -78.32 109.00 -128.71 84.07
3.36 -127.48 330.72 -71.75 111.85 -134.27 86.63
3.43 -119.36 320.70 -65.43 114.68 -143.74 85.48
3.50 -110.87 309.77 -59.11 119.37 -157.54 86.21
3.57 -102.29 297.85 -52.70 116.02 -168.73 89.56
3.64 -93.74 285.33 -46.58 121.64 -181.70 85.83
3.71 -84.69 271.57 -40.66 122.85 -199.32 81.52
3.79 -75.64 256.30 -35.11 123.70 -227.41 71.07
3.86 -66.67 238.99 -30.62 121.20 -259.14 52.98
3.93 -58.34 218.95 -28.31 95.60 -299.89 13.87
4.00 -53.55 197.84 -29.91 43.90 -286.00 -53.10
4.07 -51.57 179.76 -35.12 18.40 -232.66 -68.80
4.14 -50.68 165.26 -39.85 20.56 -186.25 -59.12
4.21 -49.51 153.33 -43.58 26.34 -159.68 -41.62
4.29 -48.04 142.87 -45.96 27.40 -135.99 -25.73
4.36 -46.76 133.88 -47.11 25.84 -115.18 -14.72
4.43 -45.57 126.31 -47.87 22.31 -99.81 -4.56
4.50 -44.41 119.83 -48.10 23.31 -83.01 0.32
4.57 -43.28 114.39 -48.09 19.36 -67.52 4.61
4.64 -42.06 109.95 -47.61 18.43 -54.89 8.07
4.71 -41.24 106.25 -46.54 18.06 -43.15 11.74
4.79 -39.81 102.90 -45.03 12.94 -32.65 14.86
4.86 -39.34 101.52 -44.50 18.69 -21.19 14.40
4.93 -38.23 100.21 -43.26 18.52 -10.43 15.61
5.00 -36.97 99.59 -41.76 19.79 -2.36 19.65
5.07 -35.55 99.58 -40.01 20.79 6.38 22.34
5.14 -33.86 100.20 -38.23 23.29 14.93 26.37
5.21 -31.28 101.44 -36.21 27.25 19.60 33.56
5.29 -29.41 103.15 -33.78 26.75 28.54 37.50
5.36 -27.25 105.55 -31.15 30.54 37.10 41.97
5.43 -25.13 108.48 -27.88 33.90 48.64 45.42
5.50 -22.36 112.28 -24.90 38.23 55.35 52.27
5.57 -19.20 116.86 -21.18 45.31 68.63 60.35
5.64 -16.74 122.59 -16.51 49.52 87.41 68.09
5.71 -13.01 129.66 -11.34 60.70 110.50 80.02
5.79 -8.33 138.71 -5.16 81.11 147.10 98.76
5.86 -0.49 150.72 3.24 197.08 148.36 134.34
5.93 10.53 156.80 9.18 120.06 20.44 64.31
6.00 17.63 157.90 12.17 50.94 -6.61 39.26
6.07 21.86 156.40 13.98 8.34 -21.29 22.20
6.14 23.84 152.78 15.33 -14.47 -50.92 8.31
6.21 19.03 145.62 16.19 -49.29 -112.87 -30.02
6.29 19.20 140.28 14.30 54.49 -3.48 28.76
6.36 22.97 139.77 18.34 33.80 -4.63 36.62
6.43 26.20 138.80 20.11 29.53 -26.71 33.10
6.50 28.52 136.45 21.74 36.58 -34.61 31.50
6.57 31.59 134.81 23.95 38.94 -26.25 45.82
6.64 34.59 132.72 26.91 41.91 -26.84 43.31
6.71 37.45 131.48 29.57 42.67 -27.09 42.56
6.79 40.12 129.44 32.11 37.18 -34.52 30.38
6.86 42.81 127.27 34.21 39.59 -32.40 29.91
6.93 46.09 124.92 36.52 37.72 -33.90 31.09
7.00 47.03 123.44 38.24 41.03 -34.09 26.81
7.07 49.46 120.78 40.17 34.26 -34.85 14.90
7.14 51.96 118.32 41.84 34.89 -30.84 14.69
7.21 54.46 116.16 43.61 33.45 -27.99 14.36
7.29 56.92 114.15 45.25 34.49 -29.59 14.53
7.36 60.33 112.35 46.12 38.06 -26.02 20.05
7.43 62.72 110.68 47.74 36.08 -23.22 20.56
7.50 65.29 109.05 49.57 38.31 -23.19 23.47
7.57 67.82 107.31 51.33 36.09 -22.89 25.81
7.64 70.43 105.63 53.25 34.74 -21.06 22.03
7.71 72.76 104.04 55.13 31.10 -19.28 22.07
7.79 75.38 103.25 55.99 33.51 -16.17 20.02
7.86 77.25 101.31 58.33 31.06 -17.86 19.32
7.93 79.54 99.95 59.75 31.85 -19.90 15.41
8.00 81.91 98.52 61.00 33.68 -17.60 19.69
8.07 84.45 97.32 62.44 34.26 -18.40 20.58
8.14 87.21 96.08 64.08 33.45 -16.68 23.84
8.21 89.79 94.92 65.84 34.80 -16.04 25.67
8.29 92.93 93.80 68.35 35.38 -20.70 31.73
8.36 95.26 92.33 70.12 37.16 -20.56 36.35
8.43 97.91 90.76 72.49 37.07 -23.95 33.58
8.50 100.46 88.88 74.91 33.57 -27.73 34.23
8.57 102.47 87.43 76.36 35.97 -28.45 29.93
8.64 104.99 85.33 78.17 33.59 -33.58 23.42
8.71 107.31 82.75 80.74 28.36 -30.35 25.47
8.79 109.38 80.76 82.44 31.67 -27.33 23.61
8.86 112.35 79.38 83.62 32.09 -29.40 20.90
8.93 113.80 76.84 85.40 31.88 -27.21 21.64
9.00 116.44 75.36 87.03 32.28 -26.15 19.70
9.07 118.18 73.38 88.66 29.22 -24.39 21.24
9.14 120.55 71.41 90.32 30.62 -25.18 21.14
9.21 122.63 69.87 91.65 29.85 -25.55 18.20
9.29 124.77 68.10 92.96 31.91 -26.93 18.83
9.36 127.09 66.34 94.41 31.64 -26.90 21.42
9.43 128.49 63.67 96.12 27.11 -25.34 21.71
9.50 131.08 62.78 97.34 25.10 -21.05 20.02
9.57 132.89 61.46 99.14 25.17 -14.47 22.24
9.64 134.80 60.61 100.79 29.27 -12.98 22.40
9.71 137.01 59.62 102.53 31.52 -12.82 22.67
9.79 139.27 58.56 104.28 33.22 -14.26 24.50
9.86 141.80 57.33 106.24 34.18 -18.81 25.27
9.93 144.25 55.86 108.17 32.81 -20.43 30.32
10.00 146.44 54.85 110.69 36.51 -20.31 31.29
10.07 148.92 53.59 112.75 33.38 -19.23 31.77
10.14 151.34 52.28 114.89 31.17 -17.96 33.08
10.21 153.97 51.03 116.80 34.24 -19.13 30.31
10.29 156.43 48.80 119.12 34.12 -19.21 29.99
10.36 158.85 47.46 121.36 36.09 -19.29 28.16
10.43 162.16 46.01 123.14 34.83 -25.00 28.01
10.50 163.63 44.29 125.22 33.43 -31.39 24.75
10.57 165.86 42.26 126.86 32.53 -31.06 18.66
10.64 168.11 40.12 128.22 29.41 -30.29 18.69
10.71 170.26 38.11 129.60 31.71 -26.89 16.74
10.79 172.24 36.25 131.04 27.04 -22.83 19.79
10.86 174.05 34.61 132.41 28.57 -19.53 18.87
10.93 175.96 33.24 133.86 28.41 -17.66 20.87
11.00 178.14 31.99 135.66 30.77 -15.98 24.22
11.07 180.32 30.82 137.52 32.51 -17.27 26.20
11.14 181.94 29.07 138.92 30.07 -20.50 27.43
11.21 183.92 27.53 140.58 29.25 -18.82 29.30
11.29 186.26 26.36 142.37 29.29 -17.86 27.03
11.36 188.49 25.16 143.95 30.59 -20.59 27.78
